0.89937
-0.2823435
0.1736135
0.041507
-0.0170635
0.3467845
1.7888965
7.3606075
0.923818
0.7849905
0.697257
4.6419955
4.2740915
5.4312625
1.1174075
11.123575
0.9611545
0.885997
0.8350185
2.1545295
2.0673875
2.330507
1.057075
3.3352015
3.4089355
1.5876465
1.651123
4.2145535
3.241125
4.0067785
5.144797
15.153982
-0.7407225
-1.775635
-1.588135
-4.0956345
-4.044556
-3.9697995
0.685499
1.482889
0.0252685
0.011963
-0.020752
-0.20711
-0.147118
-0.1054835
0.005319
0.160686
5.9924315
6.7993165
4.2438965
12.608543
6.8541695
7.3684185
-0.0036595
0.0451345
-0.012841
-0.049331
-0.1747935
-0.060936
-0.0214745
-0.0455605
-0.3531485
0.009113
0.042738
2e-06
-0.1504485
0.5515905
1.137391
23.0
25.0
24.0
25.0
22.0
23.0
24.0
26.0
1.0848045
0.8295165
0.73145
1.96591
2.121132
2.420886
0.608703
0.4582115
0.404184
0.2995885
0.3034395
0.349033
0.9252295
-0.330508
0.202002
-0.1712905
-0.365508
0.0814285
1.7536215
7.0382825
0.879784
0.685991
0.549368
5.1000725
4.1049595
4.9704385
0.908501
11.322482
0.9379675
0.828245
0.7411935
2.258334
2.02607
2.2294485
0.953153
3.3648895
2.9243165
1.380127
1.61377
3.994009
2.8234475
3.6731685
4.6441325
14.557528
-0.7875975
-1.930176
-1.1989745
-4.8325565
-4.3095285
-3.8761545
0.6820515
1.479164
0.001587
-0.032959
0.032227
-0.001995
0.010908
-0.017026
0.002954
0.005321
5.477783
6.483154
4.2424315
14.2600985
7.21997
8.041757
-0.001674
0.070309
-0.0820225
-0.0967785
-0.2078005
-0.0398725
0.0035885
-0.0004755
-0.020194
-0.0074955
-4e-06
-0.0208815
-0.0735905
0.7725045
0.8166405
25.0
24.0
25.0
25.0
23.0
24.0
24.0
25.0
1.086172
0.8174805
0.734766
2.0750705
2.17684
2.2205815
0.6142075
0.443461
0.419787
0.319978
0.321391
0.317152
