-0.174418838076
-0.0236691598284
-0.0711268355867
0.120696120472
-0.0814317110766
0.0999674622729
0.161069088432
-0.0365502436167
0.342293633426
0.525050327786
0.248793184614
0.323556897203
0.398422444377
0.433879181097
0.300913865444
0.213587653393
0.0869762806998
0.133478928107
0.0158347142782
0.0964113479655
0.162587276499
0.123246649031
0.0415788836721
0.0284200914487
0.143848104378
0.136389986567
0.205501582638
0.121907405168
0.103601227319
0.185409072251
0.0578387585765
-0.0116122025848
-0.0504953431629
-0.334281365887
-0.0587553752794
-0.13374229644
-0.171930218957
-0.0965008387644
0.0724774366565
0.21098386655
0.163072278852
0.138485075565
-0.0509378548527
-0.049372053262
-0.127747237297
-0.129821925488
0.258783960187
0.0634049737552
0.0896953679919
0.0960213739379
0.209739638844
0.0958710509151
0.194515936065
0.149335428
-0.265890245595
0.443782966961
-0.315653533818
-0.424255146747
-0.295554112529
-0.464574541262
-0.351827645917
-0.41764336264
-0.915753359578
0.116163598857
0.375823315592
0.384483643245
-0.354052938813
0.405417511417
0.305195615008
0.038971570311
-0.0491795458882
-0.0605800419767
-0.0615340583858
0.0284773898111
0.0232780003816
0.109616485404
0.0442663613814
0.196321816443
0.257886265372
0.0623279858272
0.0974950932107
0.111165509481
0.096486067853
0.071462976456
0.0532830935019
-0.0568347131883
0.102177606148
0.0737313524038
0.0961263883007
-0.167684578126
-0.0178823979377
0.0151821656764
-0.0991143898552
-0.140671297087
0.0654388176605
0.144956932732
-0.00211460851118
0.356563570807
0.442599651886
0.307068722556
0.364688859399
0.442932008857
0.410646893707
0.305651729871
0.260140561248
0.0982637902647
0.100088175527
0.0639586767548
0.107552547015
0.172394435591
0.094280507331
0.070863987643
0.0357299268071
0.225941031223
0.176633967422
0.248712878061
0.114600047125
0.110243882726
0.0810460766658
0.110863648052
0.0324400323792
-0.0829114697292
-0.218430328326
-0.119214519685
-0.124401080827
-0.155604993604
-0.138654821959
0.0608889672857
0.195688127745
-0.0726297583224
-0.115521099957
0.0550394583674
-0.0514753494404
0.0254589555347
-0.028667026618
-0.117378968237
0.0454641789743
0.134078456943
0.100574499637
0.222835929387
0.0574878285916
0.192842624414
0.0932776153889
-0.0323922487969
0.454738241701
-0.196208848936
-0.489276131138
-0.355675898228
-0.362186686741
0.180802431172
-0.373592328737
-0.300540982094
-0.20055772038
0.0109816880463
-0.325212067956
-0.306585127488
0.461871783146
0.342870871556
-0.0376563905471
0.0676588437321
-0.0605323411563
0.0035298607136
0.0346307956497
0.0377790497997
0.00595306239267
0.0542971624826
0.172801859493
0.139630217872
0.0550658651972
0.0903577763562
0.103048790578
0.074915807342
0.0608047092872
0.0503167057828
-0.062797044054
0.102568549002
0.0360437844151
0.115086767251
