0.641228
0.79600875
0.48297875
1.4351615
1.64629875
1.94041625
1.27966975
5.7202755
2.88525825
2.1516595
1.76414825
10.91387025
16.864678
11.9848905
2.88181575
21.75984775
1.4392435
1.210622
1.11637375
2.3722595
3.3308905
2.45862275
1.415717
3.207827
4.59106475
3.117066
2.7337645
5.33576475
4.08153475
3.42163075
6.29513625
13.9033435
1.99328575
2.6485595
2.52722175
5.222567
9.050303
6.64493175
0.5031955
1.944196
0.80328375
0.763245
0.629821
2.250803
2.3296165
2.7063245
0.67101425
3.26639875
9.93994075
11.426636
8.745849
18.10286625
13.417694
11.27623075
0.480941
0.482606
1.0520555
1.71878325
1.56125525
0.64422275
0.6340475
1.358124
1.5889015
0.717358
0.83478875
0.78075325
2.897067
4.2429465
9.17041175
6.0
6.0
6.0
7.0
10.0
12.0
5.0
6.0
0.5520875
0.629065
0.735735
1.9614245
2.62548125
1.66355425
0.22473875
0.2607745
0.27626675
0.1415985
0.19988125
0.194882
0.7050705
0.68476325
0.50566425
1.4599375
2.0306075
1.64366525
1.19660275
5.49974125
2.8130745
1.7268325
1.5799975
9.79435125
13.431656
10.07618575
2.65484425
19.500893
1.412981
1.0476245
1.04369475
2.064482
2.81469625
2.26217125
1.345203
2.92642025
4.633911
2.840576
2.491822
4.415943
4.39865075
4.13687075
6.0428225
12.83307825
1.85546875
2.6713865
2.43908775
5.6425055
8.06782875
5.651018
0.51020325
1.716735
0.88934275
0.699646
0.65716575
2.56346325
2.572175
2.68098475
0.70508525
3.45601625
9.372681
10.55395525
8.89587375
17.56906275
13.12358975
11.03014775
0.4687585
0.5265435
1.08067925
1.452786
1.60771
0.51938025
0.67384475
0.92453675
0.9687505
0.75854275
0.8353755
0.7789585
3.29905625
4.16542025
6.368215
7.0
5.0
6.0
6.0
10.0
10.0
5.0
7.0
0.608225
0.6252445
0.649629
1.6686165
2.585076
1.82870975
0.23834825
0.22464975
0.27140075
0.1361565
0.20133375
0.17601325
