0.690442
0.69324675
0.4714355
1.36320375
1.62417275
1.872978
1.194083
5.701584
2.66782175
1.9665665
1.710338
10.4737005
16.89104425
11.5835345
2.6797445
20.98277825
1.38489575
1.162423
1.10865375
2.34782975
3.39338025
2.43315
1.371349
3.18520125
4.536743
3.0190425
2.784058
5.313019
4.015691
3.330912
6.2146045
13.85465925
1.931885
2.75317375
2.480835
5.31128925
9.1323745
6.733921
0.49567575
1.93608125
0.776978
0.7319335
0.60119625
2.14964275
2.257055
2.69122725
0.64549525
3.27770525
9.60107425
11.106323
8.4945065
18.018266
13.37858675
11.1239255
0.49121025
0.458321
0.961686
1.72720225
1.5659885
0.70485275
0.58746
1.4142255
1.46091525
0.66681425
0.757977
0.76576575
2.47052275
3.9075425
10.10884875
6.0
6.0
6.0
7.0
10.0
12.0
5.0
7.0
0.53501
0.60452875
0.729502
1.93823725
2.62571075
1.593225
0.232009
0.26387875
0.274334
0.14797075
0.199725
0.190368
0.735457
0.61844225
0.475281
1.51941475
2.05431625
1.5856025
1.157302
5.49076625
2.59917
1.64866525
1.5701715
9.43946
13.18034875
9.74576275
2.54181475
19.01028975
1.3610195
1.03563675
1.05111675
2.03279775
2.845369
2.249256
1.3266595
2.9220465
4.5676265
2.7696535
2.5350345
4.30168025
4.45092725
4.0802045
5.95588875
12.9140855
1.7862545
2.70861825
2.36120625
5.893777
8.20137875
5.61031425
0.50958675
1.65501425
0.840393
0.6828
0.625061
2.4781985
2.48937175
2.6153405
0.69249775
3.3924335
9.06262225
10.1333005
8.71032675
17.1017695
13.07650175
10.52002225
0.45172075
0.5313395
1.060331
1.39666125
1.7244
0.5740735
0.65958875
0.95556575
0.9427165
0.712445
0.78413975
0.74803575
3.001499
3.93774425
7.268706
6.0
5.0
7.0
6.0
10.0
10.0
5.0
7.0
0.595007
0.61322025
0.63854525
1.63940325
2.57985875
1.8037895
0.24810475
0.2296675
0.26181325
0.1413675
0.197485
0.1673455
