0.90991475
1.0620315
0.46562525
1.8296515
2.128123
2.10659275
0.83638625
4.02130425
2.53210725
1.60453475
1.67623225
6.09343175
14.20780375
10.7737935
2.235957
20.45384625
1.27548925
0.883512
0.960801
1.62868425
2.89814275
2.20432775
1.09217775
2.92639575
4.149414
3.640259
3.63269075
4.86381625
2.54796675
1.97173075
5.06453375
12.21214825
2.3371585
2.3116455
2.9010005
3.8673755
9.61230475
7.904482
0.38459675
1.654482
1.033081
0.9521485
0.65216
1.885934
2.66010075
2.80023575
0.98159575
4.03105425
8.8616945
9.63012725
8.911011
13.06426425
12.1761005
9.51732975
0.71829425
0.42966975
1.1169445
1.229901
1.1581305
0.747704
0.6638535
0.95911975
0.94472125
1.1201455
0.7959815
0.86453575
3.21913725
3.22590625
11.03824225
6.0
8.75
8.0
7.0
13.0
20.0
6.0
8.0
0.441128
0.38182875
0.6003175
1.80847575
1.91106975
0.900907
0.168751
0.18700525
0.148032
0.14998275
0.1310165
0.157903
1.21467275
0.63912575
0.481582
2.7266575
2.91601525
2.1730355
0.821148
3.43818925
2.39668125
1.137464
1.46745525
5.4194275
5.05447
8.85534325
2.23569375
15.5398095
1.17594975
0.692747
0.91205825
1.237724
1.2946235
2.09280325
1.068227
2.220004
4.142822
2.49426275
2.73144575
3.7988715
4.03551
4.192339
5.536785
9.06320475
1.98681675
2.3361815
3.065185
4.0990935
3.8571325
5.257151
0.479883
1.265803
1.369629
0.85034125
0.74176075
3.09640075
2.88323925
2.59558675
1.1655365
4.56266225
7.72460925
8.77709975
8.74389625
13.164294
9.009598
10.44898975
0.57896225
0.53402375
0.99801325
0.9253055
1.3065415
0.39146075
0.78067175
0.7257455
0.9174935
1.06462575
0.851075
0.864619
2.589421
2.966931
4.15931375
7.0
5.0
7.0
7.0
13.0
9.0
6.0
7.0
0.64079125
0.4813085
0.35920675
1.1218315
1.418885
1.83921275
0.27497475
0.224275
0.15284675
0.10281175
0.1353315
0.15665825
