0.412056
-0.2745705
0.263105
0.603898
0.319659
1.334286
1.6216105
6.290283
0.678933
0.7534705
0.867819
3.0521145
3.285035
5.2262915
0.958764
10.4795925
0.823974
0.868023
0.931566
1.7470255
1.8124525
2.286108
0.979164
3.23722
3.427002
2.4125975
2.4377445
4.6362215
3.2209065
4.326555
5.2811995
13.8376325
-1.495361
-1.932373
-1.802246
-2.8867645
-4.389339
-2.995573
0.5036165
1.118152
0.241211
0.2767335
-0.123535
-0.977552
-0.6056325
-0.6074945
0.0882485
1.4139855
5.843262
5.9335935
5.9221195
8.119174
4.676393
5.3973525
-0.0694575
0.060094
-0.0492445
-0.0459565
-0.2189345
-0.2167115
-0.0964605
-0.1153455
-0.4429945
0.2279425
0.1290075
0.048848
0.3173005
0.5392345
2.337771
21.0
26.0
23.0
22.0
22.0
21.0
26.0
29.0
0.9305025
0.87729
0.6992575
1.642021
1.8705945
2.601429
0.574484
0.5612725
0.422538
0.2648225
0.29849
0.3878535
0.351211
-0.6186425
0.401533
-0.5422575
-1.1082235
-0.065748
1.669944
6.40245
0.71474
0.6285605
0.492557
4.363837
3.3097875
3.287634
0.819937
12.0514775
0.8454225
0.792818
0.701824
2.08898
1.819282
1.8131815
0.9055025
3.4715235
2.2941895
1.421387
2.0004885
4.0562615
2.8630865
3.5265825
4.508426
13.7929385
-1.4431155
-2.4438475
-0.899414
-4.72827
-3.9844315
-3.095603
0.507709
1.295067
-0.081055
-0.344116
0.154663
0.273087
0.2942365
0.041502
-0.0359255
-0.1987295
5.1132815
6.0927735
4.090576
13.5420655
6.708115
7.7773165
-0.016986
0.125814
-0.3561785
-0.144971
-0.2991025
-0.067566
0.189603
0.116709
0.1387215
-0.042549
-0.1532375
-0.086364
0.859107
1.067063
1.3990795
26.0
24.0
25.0
25.0
24.0
25.0
24.0
26.0
0.9799025
0.9037205
0.727749
2.1630115
2.0799015
1.987736
0.586204
0.50945
0.4348435
0.33197
0.331546
0.314099
