-0.122022628284
0.12037473729
-0.119561154921
0.106875658755
-0.140792783501
-0.109218166738
0.129508302237
0.0777439954874
0.309761390384
0.3672416464
0.22284102777
0.445467885302
0.376861240005
0.21709473824
0.338676960365
0.245952646967
0.144733666772
0.126494623522
0.0109445812275
0.175715540707
0.2172090283
0.0752620013245
0.116520422947
0.100810521294
0.122392604829
-0.00869967437172
0.186509314165
0.0512852891425
0.169057479819
0.214307778118
0.106724461451
0.122134476004
0.111866757425
-0.400480436313
-0.195681146022
-0.305625680355
-0.154031061421
-0.190268695935
0.114531371094
0.224559499118
0.220005187674
0.0187181164528
0.228630549761
0.0229465053681
-0.174605115321
-0.178227143927
0.647544278366
0.0433863110368
0.0780602830357
0.228141653095
0.0748595729181
0.279364434898
0.330056798516
0.33646652094
-0.381749832125
0.257450918846
-0.617621641692
-0.449435691538
-0.253941141408
-0.206970477187
-0.0389524369176
-0.287376269882
-0.291511792818
0.287722216536
0.141218986177
-0.0231156118512
0.336575697843
0.279224190143
0.353890912321
-0.00668151447661
-0.0422526248807
0.00737750556793
0.0308622335348
-0.0298098338187
0.0334075723831
0.0876020786934
-0.0125278396437
0.10463608904
0.115795310966
0.0906372382402
0.161875894203
0.129914420408
-0.0578898694776
0.00730484824051
-0.110801648498
-0.011759383332
0.0996617729079
0.0544566561462
0.169418866114
0.0262275623992
0.0939415006691
0.00279531568741
0.023634047223
0.0306424531908
0.0458023904764
0.11976632546
0.0766279597951
0.347769103807
0.342234267847
0.360926945003
0.261447988297
0.398136408866
0.40768229111
0.412241869065
0.275877106785
0.158212885472
0.120789504415
0.144361181137
0.104398067193
0.177460070614
0.19020609152
0.177392294248
0.0773701795212
0.337832359376
0.194272503675
0.382164625082
0.0208625073024
0.111126555849
0.0370676792318
0.20647215464
0.105570100892
-0.100507465204
-0.187441863012
-0.274923854315
-0.140453051491
-0.172735356963
-0.253520202815
0.107003455422
0.190836593288
-0.201054183514
-0.0522320409836
-0.157456558135
-0.046707187851
0.015405537636
0.0464040053298
-0.400190079647
-0.0186136551804
0.163703693149
0.140355593364
0.289168849112
0.103569362286
0.287077814423
0.150931097428
0.0954859175155
0.379934156541
-0.107016231424
-0.458540597642
-0.540730334623
-0.178085186834
0.159054732989
0.234278086823
0.340239568376
0.0381662011181
-0.409365997032
-0.354748277954
0.0517361905988
0.342485247174
0.434211603239
0.108813235762
-0.0690423162584
0.0754056633789
0.00143175310213
0.0463422991263
0.0754763672358
0.0668151447661
-0.0836780146357
0.0601713698574
0.0112961827498
0.0878776095167
0.0397206599457
0.126242415653
0.115037847429
-0.0862875461712
0.0539798693091
0.0381437784006
0.10619493258
0.0241992921333
0.0522919364392
