0.849917
-0.334751
0.188779
0.056171
-0.035101
0.494908
1.7395165
7.2320105
0.8369505
0.7466325
0.6106895
4.5340515
4.264623
5.3843045
0.9896585
10.8229825
0.91485
0.864079
0.7814665
2.129331
2.0650955
2.32041
0.9948155
3.289829
3.1264645
1.434082
1.555908
4.249404
3.122739
4.054931
4.904822
14.931841
-0.6799315
-1.8081055
-1.470459
-3.8530095
-4.1012215
-3.8977035
0.676615
1.476238
0.0305175
0.0213625
-0.018433
-0.238502
-0.163879
-0.143261
0.002984
0.127831
5.6259765
6.486328
4.076416
11.83411
6.4266485
6.812136
-0.012515
0.0371595
-0.007242
-0.0606005
-0.1803375
-0.1224805
-0.012558
-0.0908465
-0.338111
0.0176845
0.039991
0.000407
-0.034981
0.37963
1.6657665
23.0
25.0
24.0
25.0
22.0
22.0
24.0
26.0
1.0523045
0.8254005
0.7081985
1.900231
2.0809765
2.422498
0.60232
0.4623835
0.4063065
0.296072
0.301822
0.350985
0.9168605
-0.3777835
0.222046
-0.214468
-0.3669765
0.144224
1.7174525
6.961499
0.808282
0.659998
0.510683
4.9168865
3.905739
4.6475885
0.8709165
11.1974155
0.899045
0.8124025
0.714619
2.2174055
1.976294
2.1558265
0.933229
3.3462535
2.7531735
1.230957
1.602051
3.850615
2.6507895
3.6731685
4.521931
14.4630845
-0.746582
-1.948486
-1.050781
-4.764451
-4.306336
-3.749521
0.6860655
1.464532
0.001221
-0.047241
0.025391
-0.001862
0.010109
-0.020352
0.002835
0.001596
5.259033
6.1975095
3.969971
13.7072745
7.0140575
7.6879285
-0.009584
0.071028
-0.085199
-0.1050155
-0.2361955
-0.0756
0.011965
-0.0052855
-0.006372
-0.007794
-4e-06
-0.0168865
-0.0048105
0.5966225
1.2989935
25.0
24.0
24.0
25.0
23.0
24.0
24.0
25.0
1.0597655
0.816382
0.7182765
2.055772
2.161878
2.1854065
0.612214
0.4483395
0.418225
0.3204995
0.3249175
0.314998
