-0.161168681208
-0.105217017747
-0.0636562745235
0.165562725347
-0.120290327654
0.115442705288
0.161283096689
-0.0453083322818
0.347613659291
0.545384965198
0.286839450759
0.303971199792
0.387990131269
0.42548079609
0.341158530335
0.202654992904
0.0879115360554
0.127303944775
0.0441922094961
0.0790172757147
0.14955496462
0.106538916924
0.0637995641601
0.014834847323
0.182045218533
0.123413354997
0.232197237619
0.091857441096
0.108132128129
0.175021663122
0.0756211019475
-0.0155253341949
-0.0485810296515
-0.335773394912
-0.0643103653473
-0.158711537675
-0.166465007513
-0.0817864628226
0.0557671559377
0.199073408502
0.181738952224
0.170974640174
-0.0289123078462
-0.0668614201056
-0.129350530285
-0.136984643236
0.266058742124
0.0671337752946
0.0891674282424
0.102796012695
0.195813233565
0.114160515659
0.210277772343
0.171847538073
-0.54377345761
0.44906852955
-0.439810926658
-0.432902756916
-0.330097675966
-0.515047932119
-0.280492759877
-0.50949566963
-0.952242122087
0.177095682848
0.398179995733
0.549032688437
-0.334078458341
0.350044757669
0.338052570497
0.0403413910093
-0.0166984732824
-0.0523218829517
-0.0678844056707
0.00881043256997
0.0819815521628
0.110814249364
0.0477553616867
0.169340933581
0.234111303518
0.072454958607
0.0962904286411
0.102769088986
0.0712392383349
0.0719827232178
0.0550267763
-0.0520882498203
0.121568998281
0.0686554221979
0.102013745334
-0.200465545646
-0.0919805367878
0.0284018313944
-0.142072027175
-0.148267357562
0.0647949844785
0.131916186176
-0.0200154833273
0.36375493171
0.410981441845
0.315293444198
0.324978716686
0.457714028631
0.406641896143
0.304813446475
0.246672813299
0.0987566047057
0.083849774316
0.0713972851403
0.085091162526
0.174316356127
0.0924695780208
0.0654356087199
0.0180722915723
0.25012689092
0.169996461137
0.25424157795
0.0782648879081
0.131702725682
0.0463684615179
0.119344624157
0.0190644768484
-0.0755538462749
-0.222556871339
-0.145984947167
-0.128853765275
-0.146940745583
-0.140879099604
0.0398738196497
0.180783974177
-0.084823049315
-0.13312914958
0.0440630582241
-0.0626590236455
0.0261451317145
-0.0417866768625
-0.127680477954
0.0373637197246
0.122280879419
0.0945457282909
0.218376485723
0.0558750076656
0.189020920588
0.0944024109286
-0.254724171299
0.456579857451
-0.342459863456
-0.49813469143
-0.438714591623
-0.422552293582
0.235274870532
-0.504313429594
-0.224594636517
-0.245730669947
-0.0305751042211
-0.30853708662
-0.274238137632
0.437851322294
0.37004721753
-0.0376378286684
0.0659669211196
0.0806979280262
0.0254452926209
0.0198791348601
0.0298664122137
-0.000508905852417
0.0536623046165
0.148675702389
0.110967708053
0.0568835048008
0.057535433723
0.0973894690131
0.0570838796872
0.0505004674534
0.0526148336304
-0.0521822159386
0.104590464074
0.0201393013326
0.124425801497
